arc 20 50 10 10 0 
arc 35 50 10 10 0 
arc 50 50 10 10 0 
arc 70 50 10 10 0 
arc 85 50 10 10 0 
arc 100 50 10 10 0 
arc 20 70 10 10 0 
arc 35 70 10 10 0 
arc 50 70 10 10 0 
arc 70 70 10 10 0 
arc 85 70 10 10 0 
arc 100 70 10 10 0 
arc 20 50 10 10 0 
arc 35 50 10 10 0 
arc 50 50 10 10 0 
arc 70 50 10 10 0 
arc 85 50 10 10 0 
arc 100 50 10 10 0 
arc 20 70 10 10 0 
arc 35 70 10 10 0 
arc 50 70 10 10 0 
arc 70 70 10 10 0 
arc 85 70 10 10 0 
arc 100 70 10 10 0 
arc 20 90 10 10 0 
arc 20 110 10 10 0 
arc 20 130 10 10 0 
arc 20 150 10 10 0 
arc 20 170 10 10 0 
arc 20 190 10 10 0 
arc 20 210 10 10 0 
arc 20 230 10 10 0 
arc 20 250 10 10 0 
arc 20 90 10 10 0 
arc 20 110 10 10 0 
arc 20 130 10 10 0 
arc 20 150 10 10 0 
arc 20 170 10 10 0 
arc 20 190 10 10 0 
arc 20 210 10 10 0 
arc 20 230 10 10 0 
arc 20 250 10 10 0 
arc 35 250 10 10 0 
arc 50 250 10 10 0 
arc 70 250 10 10 0 
arc 85 250 10 10 0 
arc 100 250 10 10 0 
arc 20 270 10 10 0 
arc 35 270 10 10 0 
arc 50 270 10 10 0 
arc 70 270 10 10 0 
arc 85 270 10 10 0 
arc 100 270 10 10 0 
arc 35 250 10 10 0
arc 50 250 10 10 0 
arc 70 250 10 10 0 
arc 85 250 10 10 0 
arc 100 250 10 10 0 
arc 20 270 10 10 0 
arc 35 270 10 10 0 
arc 50 270 10 10 0 
arc 70 270 10 10 0 
arc 85 270 10 10 0 
arc 100 270 10 10 0
arc 100 90 10 10 0 
arc 100 110 10 10 0 
arc 100 130 10 10 0 
arc 100 150 10 10 0 
arc 100 170 10 10 0 
arc 100 190 10 10 0
arc 100 210 10 10 0 
arc 100 230 10 10 0 
arc 100 250 10 10 0
arc 100 90 10 10 0
arc 100 110 10 10 0
arc 100 130 10 10 0
arc 100 150 10 10 0
arc 100 170 10 10 0 
arc 100 190 10 10 0 
arc 100 210 10 10 0 
arc 100 230 10 10 0 
arc 100 250 10 10 0 
Rect 15 15 100 280
Rect 14 14 100 280
Rect 15 15 101 281
Line 38 70 38 260
Line 39 70 39 260
Line 40 70 40 260
Line 41 70 41 260
Line 42 70 42 260
Line 43 70 43 260
Line 88 70 88 260
Line 89 70 89 260
Line 90 70 90 260
Line 91 70 91 260
Line 92 70 92 260
Line 93 70 93 260
Rect 39 230 54 8
Rect 39 130 20 8
Rect 39 129 35 1
Rect 70 130 20 8


